1 1 1 1 1 1 1 1 1 1 1 1 1 1 1 1 1 1 1 1 1 1 1 1 1 1 1 1 1 1
1 2 2 2 2 2 2 2 2 2 1 5 5 5 5 5 5 5 5 1 4 4 4 4 4 4 4 4 4 1
1 2 3 3 3 3 3 3 3 2 1 5 6 6 6 6 6 6 5 1 4 7 7 7 7 7 7 7 4 1
1 2 3 3 3 3 3 3 3 2 1 5 6 6 6 6 6 6 5 1 4 7 7 7 7 7 7 7 4 1
1 2 3 3 3 3 3 3 3 2 8 5 6 6 6 6 6 6 5 8 4 7 7 7 7 7 7 7 4 1
1 2 3 3 3 3 3 3 3 2 2 5 6 6 6 6 6 6 5 2 4 7 7 7 7 7 7 7 4 1
1 2 3 3 3 3 3 3 3 2 1 5 6 6 6 6 6 6 5 1 4 7 7 7 7 7 7 7 4 1
1 2 3 3 3 3 3 3 3 2 1 5 5 5 5 5 5 5 5 1 4 4 4 4 4 4 4 4 4 1
1 2 2 2 2 8 2 2 2 2 1 1 1 1 8 1 1 1 1 1 1 1 1 1 8 1 1 1 1 1
1 1 1 1 1 1 1 1 1 1 1 9 9 9 9 9 9 9 9 9 9 9 9 9 9 9 9 1 1 1
1 10 10 10 10 10 10 10 10 10 1 9 11 11 11 11 11 11 11 11 11 11 11 11 11 11 9 1 2 1
1 10 11 11 11 11 11 11 11 10 1 9 11 11 11 11 11 11 11 11 11 11 11 11 11 11 9 8 2 1
1 10 11 11 11 11 11 11 11 10 1 9 11 11 11 11 11 11 11 11 11 11 11 11 11 11 9 1 2 1
1 10 11 11 11 11 11 11 11 10 1 9 11 11 11 11 11 11 11 11 11 11 11 11 11 11 9 1 2 1
1 10 11 11 11 11 11 11 11 10 1 9 11 11 11 11 11 11 11 11 11 11 11 11 11 11 9 1 2 1
1 10 11 11 11 11 11 11 11 10 1 9 11 11 11 11 11 11 11 11 11 11 11 11 11 11 9 1 2 1
1 10 11 11 11 11 11 11 11 10 1 9 11 11 11 11 11 11 11 11 11 11 11 11 11 11 9 1 2 1
1 10 10 10 10 10 10 10 10 10 1 9 9 9 9 9 9 9 9 9 9 9 9 9 9 9 9 1 2 1
1 1 1 1 1 1 1 1 1 1 1 1 1 1 1 1 1 1 1 1 1 1 1 1 1 1 1 1 2 1
1 2 2 2 2 2 2 2 2 2 2 2 2 2 2 2 2 2 2 2 2 2 2 2 2 2 2 2 2 1
1 1 1 1 1 1 1 1 1 1 1 1 1 1 1 1 1 1 1 1 1 1 1 1 1 1 1 1 1 1

